  1.218666751001097E-020
  1.217941544234778E-020
  1.217458073057233E-020
  1.217119643232951E-020
  1.216877907644178E-020
  1.216732866290914E-020
  1.216636172055405E-020
  1.216539479741131E-020
  1.216442791269326E-020
  1.216346106639992E-020
  1.216249425853127E-020
  1.216152748908731E-020
  1.216007740696768E-020
  1.215814409862793E-020
  1.215572767934214E-020
  1.215234509580126E-020
  1.214847986241051E-020
  1.214364918522726E-020
  1.213640497060833E-020
  1.212674937993861E-020
  1.211709763172827E-020
