  0.000000000000000E+000
  0.000000000000000E+000
  0.000000000000000E+000
  0.000000000000000E+000
  0.000000000000000E+000
  0.000000000000000E+000
  0.000000000000000E+000
  2.433175651156126E-021
  4.866157921526173E-021
  7.298946818795082E-021
  9.731542350647792E-021
  1.216394452476924E-020
  1.581218525701611E-020
  2.067582955301194E-020
  2.675429748749803E-020
  3.526212293134058E-020
  4.498245287363897E-020
  5.712851731740646E-020
  7.533855766410979E-020
  9.960171137424641E-020
  1.238455577455038E-019
