  0.000000000000000E+000
  0.000000000000000E+000
  0.000000000000000E+000
  0.000000000000000E+000
  0.000000000000000E+000
  0.000000000000000E+000
  0.000000000000000E+000
  3.973677394739769E-005
  7.947038974689163E-005
  1.192008475239864E-004
  1.589281474041866E-004
  1.986522895129968E-004
  2.582325821293971E-004
  3.376619212561085E-004
  4.369308359949239E-004
  5.758741696935221E-004
  7.346192045732287E-004
  9.329794902037314E-004
  1.230372017737088E-003
  1.626619388440699E-003
  2.022551446371801E-003
