 -1.216636172055405E-020
 -1.216636172055405E-020
 -1.216636172055405E-020
 -1.216636172055405E-020
 -1.216636172055405E-020
 -1.216636172055405E-020
 -1.216636172055405E-020
 -1.216636170134221E-020
 -1.216636164370873E-020
 -1.216636154765666E-020
 -1.216636141318906E-020
 -1.216636124030897E-020
 -1.216636090897212E-020
 -1.216636033277445E-020
 -1.216635939653730E-020
 -1.216635768270929E-020
 -1.216635514834992E-020
 -1.216635111713861E-020
 -1.216634327264561E-020
 -1.216632945966148E-020
 -1.216631181671825E-020
