   1.00000000000000     
   1.00000000000000     
   1.00000000000000     
   1.00000000000000     
   1.00000000000000     
   1.00000000000000     
   1.00000000000000     
  0.999960261646958     
  0.999920523294041     
  0.999880784941376     
  0.999841046589087     
  0.999801308237300     
  0.999741700710834     
  0.999662224011808     
  0.999562878144141     
  0.999423793944336     
  0.999264840600725     
  0.999066148974354     
  0.998768111677810     
  0.998370728964887     
  0.997973346765686     
