  6.123233995736766E-017
  6.123233995736766E-017
  6.123233995736766E-017
  6.123233995736766E-017
  6.123233995736766E-017
  6.123233995736766E-017
  6.123233995736766E-017
  6.122990668502484E-017
  6.122747341268971E-017
  6.122504014036995E-017
  6.122260686807324E-017
  6.122017359580727E-017
  6.121652368748273E-017
  6.121165714322927E-017
  6.120557396328694E-017
  6.119705751228179E-017
  6.118732442710843E-017
  6.117515807389579E-017
  6.115690855283384E-017
  6.113257587946292E-017
  6.110824323754845E-017
