 -2.437333502002194E-020
 -2.435883088469557E-020
 -2.434916146114465E-020
 -2.434239286465901E-020
 -2.433755815288355E-020
 -2.433465732581828E-020
 -2.433272344110810E-020
 -2.433078959482261E-020
 -2.432885582538653E-020
 -2.432692213279983E-020
 -2.432498851706253E-020
 -2.432305497817462E-020
 -2.432015481393536E-020
 -2.431628819725587E-020
 -2.431145535868428E-020
 -2.430469019160252E-020
 -2.429695972482102E-020
 -2.428729837045452E-020
 -2.427280994121666E-020
 -2.425349875987722E-020
 -2.423419526345654E-020
