 -1.990233840237986E-004
 -1.989049487709855E-004
 -1.988259919357768E-004
 -1.987707221511307E-004
 -1.987312437335263E-004
 -1.987075566829637E-004
 -1.986917653159220E-004
 -1.986759742626417E-004
 -1.986601838368844E-004
 -1.986443940386500E-004
 -1.986286048679385E-004
 -1.986128163247499E-004
 -1.985891346865724E-004
 -1.985575613653325E-004
 -1.985180982435985E-004
 -1.984628564621602E-004
 -1.983997324104999E-004
 -1.983208414651822E-004
 -1.982025344623146E-004
 -1.980448466999909E-004
 -1.978872216897911E-004
