  0.000000000000000E+000
  0.000000000000000E+000
  0.000000000000000E+000
  0.000000000000000E+000
  0.000000000000000E+000
  0.000000000000000E+000
  0.000000000000000E+000
  4.866351302312251E-021
  9.732315843052346E-021
  1.459789363759016E-020
  1.946308470129558E-020
  2.432788904953848E-020
  3.162437051403222E-020
  4.135165910602388E-020
  5.350859497499606E-020
  7.052424586268117E-020
  8.996490574727794E-020
  1.142570346348129E-019
  1.506771153282196E-019
  1.992034227484928E-019
  2.476911154910076E-019
