  1.986917653159220E-004
  1.986917653159220E-004
  1.986917653159220E-004
  1.986917653159220E-004
  1.986917653159220E-004
  1.986917653159220E-004
  1.986917653159220E-004
  1.986917650021689E-004
  1.986917640609427E-004
  1.986917624922934E-004
  1.986917602962708E-004
  1.986917574729247E-004
  1.986917520617832E-004
  1.986917426517612E-004
  1.986917273618481E-004
  1.986916993729127E-004
  1.986916579836832E-004
  1.986915921490064E-004
  1.986914640387135E-004
  1.986912384555637E-004
  1.986909503244349E-004
