  2.433272344110810E-020
  2.433272344110810E-020
  2.433272344110810E-020
  2.433272344110810E-020
  2.433272344110810E-020
  2.433272344110810E-020
  2.433272344110810E-020
  2.433272340268442E-020
  2.433272328741746E-020
  2.433272309531332E-020
  2.433272282637812E-020
  2.433272248061794E-020
  2.433272181794424E-020
  2.433272066554890E-020
  2.433271879307459E-020
  2.433271536541858E-020
  2.433271029669983E-020
  2.433270223427722E-020
  2.433268654529121E-020
  2.433265891932296E-020
  2.433262363343650E-020
