  1.224646799147353E-016
  1.224646799147353E-016
  1.224646799147353E-016
  1.224646799147353E-016
  1.224646799147353E-016
  1.224646799147353E-016
  1.224646799147353E-016
  1.224598133700497E-016
  1.224549468253794E-016
  1.224500802807399E-016
  1.224452137361465E-016
  1.224403471916145E-016
  1.224330473749655E-016
  1.224233142864585E-016
  1.224111479265739E-016
  1.223941150245636E-016
  1.223746488542169E-016
  1.223503161477916E-016
  1.223138171056677E-016
  1.222651517589258E-016
  1.222164864750969E-016
