  3.867647176900503E-020
  3.860395109237317E-020
  3.855560397461859E-020
  3.852176099219038E-020
  3.849758743331309E-020
  3.848308329798672E-020
  3.847341387443580E-020
  3.846374505843270E-020
  3.845407745752517E-020
  3.844441107171316E-020
  3.843474590099659E-020
  3.842508194537530E-020
  3.841058829024660E-020
  3.839126766957327E-020
  3.836712372863616E-020
  3.833333496980186E-020
  3.829473747179127E-020
  3.824651793877471E-020
  3.817424559631871E-020
  3.807798879219076E-020
  3.798185349437667E-020
