 -6.316347177967248E-004
 -6.304503652685941E-004
 -6.296607969165068E-004
 -6.291080990700459E-004
 -6.287133148940023E-004
 -6.284764443883761E-004
 -6.283185307179587E-004
 -6.281606269695501E-004
 -6.280027430651580E-004
 -6.278448790047820E-004
 -6.276870347884199E-004
 -6.275292104160699E-004
 -6.272925110650607E-004
 -6.269769813843921E-004
 -6.265826809060187E-004
 -6.260308685980485E-004
 -6.254005236196032E-004
 -6.246130388844101E-004
 -6.234327419611451E-004
 -6.218607490535578E-004
 -6.202907404946654E-004
