  0.000000000000000E+000
  0.000000000000000E+000
  0.000000000000000E+000
  0.000000000000000E+000
  0.000000000000000E+000
  0.000000000000000E+000
  0.000000000000000E+000
  1.256479154380173E-004
  2.512642521107545E-004
  3.768490139870151E-004
  5.024022050356018E-004
  6.279238292253174E-004
  8.161470863312614E-004
  1.067000982175285E-003
  1.380390892580183E-003
  1.818805620726439E-003
  2.319378156446639E-003
  2.944384896357232E-003
  3.880419092464793E-003
  5.125712252752654E-003
  6.367863411578295E-003
