  0.000000000000000E+000
  0.000000000000000E+000
  0.000000000000000E+000
  0.000000000000000E+000
  0.000000000000000E+000
  0.000000000000000E+000
  0.000000000000000E+000
  7.693715873035261E-021
  1.538549810437946E-020
  2.307534693705170E-020
  3.076326261407109E-020
  3.844924537845670E-020
  4.997459584545089E-020
  6.533496687540225E-020
  8.452456440852395E-020
  1.113697240846924E-019
  1.420209517652332E-019
  1.802915769390847E-019
  2.376071410468643E-019
  3.138593551841953E-019
  3.899191772198452E-019
