  6.283185307179588E-004
  6.283185307179588E-004
  6.283185307179588E-004
  6.283185307179588E-004
  6.283185307179588E-004
  6.283185307179588E-004
  6.283185307179588E-004
  6.283185207967818E-004
  6.283184910365746E-004
  6.283184414423237E-004
  6.283183720190149E-004
  6.283182827716334E-004
  6.283181117413277E-004
  6.283178143631821E-004
  6.283173312609039E-004
  6.283164471486014E-004
  6.283151401704791E-004
  6.283130620683048E-004
  6.283090204066399E-004
  6.283019090366230E-004
  6.282928336598163E-004
