 -3.847341387443581E-020
 -3.847341387443581E-020
 -3.847341387443581E-020
 -3.847341387443581E-020
 -3.847341387443581E-020
 -3.847341387443581E-020
 -3.847341387443581E-020
 -3.847341326693892E-020
 -3.847341144465180E-020
 -3.847340840787977E-020
 -3.847340415692812E-020
 -3.847339869210211E-020
 -3.847338821951628E-020
 -3.847337001035659E-020
 -3.847334042887365E-020
 -3.847328629260858E-020
 -3.847320626327988E-020
 -3.847307901622110E-020
 -3.847283153582003E-020
 -3.847239608999360E-020
 -3.847184038343574E-020
