  6.123233995736766E-017
  6.123233995736766E-017
  6.123233995736766E-017
  6.123233995736766E-017
  6.123233995736766E-017
  6.123233995736766E-017
  6.123233995736766E-017
  6.122464527463328E-017
  6.121695059214189E-017
  6.120925591013641E-017
  6.120156122885971E-017
  6.119386654855460E-017
  6.118232453044958E-017
  6.116693517864189E-017
  6.114769850071643E-017
  6.112076718049841E-017
  6.108998858218531E-017
  6.105151543702746E-017
  6.099380599562823E-017
  6.091686074793365E-017
  6.083991649144209E-017
