 -7.735294353801007E-020
 -7.720790218474633E-020
 -7.711120794923717E-020
 -7.704352198438077E-020
 -7.699517486662619E-020
 -7.696616659597344E-020
 -7.694682774887161E-020
 -7.692749011686539E-020
 -7.690815491505034E-020
 -7.688882214342633E-020
 -7.686949180199318E-020
 -7.685016389075059E-020
 -7.682117658049320E-020
 -7.678253533914653E-020
 -7.673424745727231E-020
 -7.666666993960372E-020
 -7.658947494358255E-020
 -7.649303587754941E-020
 -7.634849119263742E-020
 -7.615597758438152E-020
 -7.596370698875335E-020
