  0.000000000000000E+000
  0.000000000000000E+000
  0.000000000000000E+000
  0.000000000000000E+000
  0.000000000000000E+000
  0.000000000000000E+000
  0.000000000000000E+000
  1.538743174607052E-020
  3.077099620875891E-020
  4.615069387410341E-020
  6.152652522814219E-020
  7.689849075691340E-020
  9.994919169090177E-020
  1.306699337508045E-019
  1.690491288170479E-019
  2.227394481693848E-019
  2.840419035304665E-019
  3.605831538781695E-019
  4.752142820937285E-019
  6.277187103683906E-019
  7.798383544396904E-019
