  7.694682774887162E-020
  7.694682774887162E-020
  7.694682774887162E-020
  7.694682774887162E-020
  7.694682774887162E-020
  7.694682774887162E-020
  7.694682774887162E-020
  7.694682653387784E-020
  7.694682288930359E-020
  7.694681681575953E-020
  7.694680831385624E-020
  7.694679738420423E-020
  7.694677643903257E-020
  7.694674002071318E-020
  7.694668085774730E-020
  7.694657258521717E-020
  7.694641252655977E-020
  7.694615803244219E-020
  7.694566307164006E-020
  7.694479217998720E-020
  7.694368076687147E-020
