  -1.00000000000000     
  -1.00000000000000     
  -1.00000000000000     
  -1.00000000000000     
  -1.00000000000000     
  -1.00000000000000     
  -1.00000000000000     
 -0.999874336294518     
 -0.999748672593004     
 -0.999623008899426     
 -0.999497345217750     
 -0.999371681551941     
 -0.999183186091649     
 -0.998931858903787     
 -0.998617700112226     
 -0.998177878275648     
 -0.997675225619641     
 -0.997046911477397     
 -0.996104444776967     
 -0.994847833519776     
 -0.993591238450159     
