  1.224646799147353E-016
  1.224646799147353E-016
  1.224646799147353E-016
  1.224646799147353E-016
  1.224646799147353E-016
  1.224646799147353E-016
  1.224646799147353E-016
  1.224492905492666E-016
  1.224339011842838E-016
  1.224185118202728E-016
  1.224031224577194E-016
  1.223877330971092E-016
  1.223646490608992E-016
  1.223338703572838E-016
  1.222953970014329E-016
  1.222415343609968E-016
  1.221799771643706E-016
  1.221030308740549E-016
  1.219876119912565E-016
  1.218337214958673E-016
  1.216798329828842E-016
