  1.233074192091962E-020
  1.226789066783867E-020
  1.222921297363501E-020
  1.220503941475771E-020
  1.218811792354361E-020
  1.217844849999270E-020
  1.217264684586215E-020
  1.216926254761933E-020
  1.216732866290914E-020
  1.216636172055405E-020
  1.216539479741131E-020
  1.216442791269327E-020
  1.216346106639992E-020
  1.216249425853127E-020
  1.216104411877460E-020
  1.215911073358546E-020
  1.215669421823794E-020
  1.215427794304473E-020
  1.215186190800582E-020
  1.214847986241050E-020
  1.214461524381457E-020
  1.213978533512460E-020
  1.213495638705091E-020
  1.213012839959302E-020
  1.212530137275041E-020
  1.212047530652248E-020
  1.211565020090853E-020
  1.211082605590783E-020
  1.210600287151953E-020
  1.209876989608332E-020
  1.208912929096934E-020
  1.206985960802358E-020
  1.204098390163808E-020
  1.199293457143118E-020
  1.192104068166355E-020
  1.182551834084072E-020
  1.168295513413901E-020
  1.149421514246180E-020
  1.121398452930595E-020
