  0.000000000000000E+000
  0.000000000000000E+000
  0.000000000000000E+000
  0.000000000000000E+000
  0.000000000000000E+000
  0.000000000000000E+000
  0.000000000000000E+000
  0.000000000000000E+000
  0.000000000000000E+000
  0.000000000000000E+000
  2.433175651156126E-021
  4.866157921526174E-021
  7.298946818795083E-021
  9.731542350647794E-021
  1.338007310508229E-020
  1.824410407043101E-020
  2.432305529838043E-020
  3.040079832869467E-020
  3.647733328145088E-020
  4.498245287363897E-020
  5.469969087514268E-020
  6.684189108456089E-020
  7.897926186559732E-020
  9.111180417886801E-020
  1.032395189849885E-019
  1.153624072445738E-019
  1.274804699182382E-019
  1.395937079665953E-019
  1.517021223502580E-019
  1.698557016557883E-019
  1.940436002024350E-019
  2.423615728771935E-019
  3.146940861154262E-019
  4.348635984323610E-019
  6.142181426771074E-019
  8.516830925843503E-019
  1.204308033947496E-018
  1.667846319116135E-018
  2.349075037782694E-018
