 -1.216636172055406E-020
 -1.216636172055406E-020
 -1.216636172055406E-020
 -1.216636172055406E-020
 -1.216636172055406E-020
 -1.216636172055406E-020
 -1.216636172055406E-020
 -1.216636172055406E-020
 -1.216636172055406E-020
 -1.216636172055406E-020
 -1.216636170134222E-020
 -1.216636164370874E-020
 -1.216636154765667E-020
 -1.216636141318907E-020
 -1.216636113946521E-020
 -1.216636064007419E-020
 -1.216635979982816E-020
 -1.216635871961862E-020
 -1.216635739949324E-020
 -1.216635514834992E-020
 -1.216635200009901E-020
 -1.216634720179790E-020
 -1.216634144497776E-020
 -1.216633473001985E-020
 -1.216632705730540E-020
 -1.216631842721551E-020
 -1.216630884013125E-020
 -1.216629829643358E-020
 -1.216628679650341E-020
 -1.216626775450524E-020
 -1.216623902191429E-020
 -1.216617010554300E-020
 -1.216603814864758E-020
 -1.216574220351950E-020
 -1.216512085577871E-020
 -1.216396317515134E-020
 -1.216152731263736E-020
 -1.215698980130349E-020
 -1.214746826153917E-020
