  1.986917653159222E-004
  1.986917653159222E-004
  1.986917653159222E-004
  1.986917653159222E-004
  1.986917653159222E-004
  1.986917653159222E-004
  1.986917653159222E-004
  1.986917653159222E-004
  1.986917653159222E-004
  1.986917653159222E-004
  1.986917650021691E-004
  1.986917640609429E-004
  1.986917624922936E-004
  1.986917602962709E-004
  1.986917558260211E-004
  1.986917476703468E-004
  1.986917339480879E-004
  1.986917163069272E-004
  1.986916947476436E-004
  1.986916579836832E-004
  1.986916065688441E-004
  1.986915282066402E-004
  1.986914341906325E-004
  1.986913245270478E-004
  1.986911992221115E-004
  1.986910582820479E-004
  1.986909017130801E-004
  1.986907295214299E-004
  1.986905417133177E-004
  1.986902307338878E-004
  1.986897614950679E-004
  1.986886360053128E-004
  1.986864809856695E-004
  1.986816478349473E-004
  1.986715004562709E-004
  1.986525940968508E-004
  1.986128134431036E-004
  1.985387102594424E-004
  1.983832117145402E-004
