  6.123233995736766E-017
  6.123233995736766E-017
  6.123233995736766E-017
  6.123233995736766E-017
  6.123233995736766E-017
  6.123233995736766E-017
  6.123233995736766E-017
  6.123233995736766E-017
  6.123233995736766E-017
  6.123233995736766E-017
  6.122990668502484E-017
  6.122747341268971E-017
  6.122504014036995E-017
  6.122260686807324E-017
  6.121895695968820E-017
  6.121409041532717E-017
  6.120800723520719E-017
  6.120192405556733E-017
  6.119584087652756E-017
  6.118732442710839E-017
  6.117759134420810E-017
  6.116542499452728E-017
  6.115325865012404E-017
  6.114109231195673E-017
  6.112892598098329E-017
  6.111675965816128E-017
  6.110459334444787E-017
  6.109242704079991E-017
  6.108026074817378E-017
  6.106201133199173E-017
  6.103767882457870E-017
  6.098901400123709E-017
  6.091601735934106E-017
  6.079435837851184E-017
  6.061187664004342E-017
  6.036858517475176E-017
  6.000370072927628E-017
  5.951732550707277E-017
  5.878817562897020E-017
