   1.00000000000000     
   1.00000000000000     
   1.00000000000000     
   1.00000000000000     
   1.00000000000000     
   1.00000000000000     
   1.00000000000000     
   1.00000000000000     
   1.00000000000000     
   1.00000000000000     
  0.999960261646958     
  0.999920523294041     
  0.999880784941376     
  0.999841046589087     
  0.999781439061633     
  0.999701962360851     
  0.999602616490282     
  0.999503270627555     
  0.999403924774628     
  0.999264840600725     
  0.999105887294236     
  0.998907195725543     
  0.998708504243041     
  0.998509812862378     
  0.998311121599201     
  0.998112430469146     
  0.997913739487847     
  0.997715048670928     
  0.997516358034010     
  0.997218322450285     
  0.996820942447659     
  0.996026185569586     
  0.994834059938803     
  0.992847218003415     
  0.989867065054900     
  0.985893813902632     
  0.979934798687314     
  0.971991688518045     
  0.960083767334399     
