 -2.466148384183924E-020
 -2.453578133567734E-020
 -2.445842594727001E-020
 -2.441007882951543E-020
 -2.437623584708723E-020
 -2.435689699998539E-020
 -2.434529369172429E-020
 -2.433852509523865E-020
 -2.433465732581829E-020
 -2.433272344110811E-020
 -2.433078959482263E-020
 -2.432885582538654E-020
 -2.432692213279984E-020
 -2.432498851706254E-020
 -2.432208823754919E-020
 -2.431822146717092E-020
 -2.431338843647587E-020
 -2.430855588608946E-020
 -2.430372381601163E-020
 -2.429695972482101E-020
 -2.428923048762913E-020
 -2.427957067024921E-020
 -2.426991277410181E-020
 -2.426025679918604E-020
 -2.425060274550082E-020
 -2.424095061304495E-020
 -2.423130040181707E-020
 -2.422165211181566E-020
 -2.421200574303906E-020
 -2.419753979216663E-020
 -2.417825858193869E-020
 -2.413971921604715E-020
 -2.408196780327615E-020
 -2.398586914286236E-020
 -2.384208136332709E-020
 -2.365103668168145E-020
 -2.336591026827802E-020
 -2.298843028492360E-020
 -2.242796905861190E-020
