 -2.013762977130184E-004
 -2.003498588553051E-004
 -1.997182041736354E-004
 -1.993234199975918E-004
 -1.990470710743613E-004
 -1.988891574039439E-004
 -1.987944092016934E-004
 -1.987391394170473E-004
 -1.987075566829638E-004
 -1.986917653159221E-004
 -1.986759742626418E-004
 -1.986601838368845E-004
 -1.986443940386501E-004
 -1.986286048679386E-004
 -1.986049222884768E-004
 -1.985733477121911E-004
 -1.985338830216500E-004
 -1.984944222531265E-004
 -1.984549654066203E-004
 -1.983997324104999E-004
 -1.983366183992008E-004
 -1.982577400043309E-004
 -1.981788772975152E-004
 -1.981000302787462E-004
 -1.980211989480153E-004
 -1.979423833053125E-004
 -1.978635833506268E-004
 -1.977847990839458E-004
 -1.977060305052559E-004
 -1.975879070521713E-004
 -1.974304640225454E-004
 -1.971157662180979E-004
 -1.966441901456237E-004
 -1.958594850332541E-004
 -1.946853687114266E-004
 -1.931253704998716E-004
 -1.907971366482669E-004
 -1.877147786686662E-004
 -1.831382654511253E-004
