  0.000000000000000E+000
  0.000000000000000E+000
  0.000000000000000E+000
  0.000000000000000E+000
  0.000000000000000E+000
  0.000000000000000E+000
  0.000000000000000E+000
  0.000000000000000E+000
  0.000000000000000E+000
  0.000000000000000E+000
  4.866351302312252E-021
  9.732315843052348E-021
  1.459789363759017E-020
  1.946308470129559E-020
  2.676014621016458E-020
  3.648820814086202E-020
  4.864611059676087E-020
  6.080159665738935E-020
  7.295466656290177E-020
  8.996490574727793E-020
  1.093993817502854E-019
  1.336837821691218E-019
  1.579585237311946E-019
  1.822236083577360E-019
  2.064790379699770E-019
  2.307248144891476E-019
  2.549609398364764E-019
  2.791874159331906E-019
  3.034042447005161E-019
  3.397114033115766E-019
  3.880872004048700E-019
  4.847231457543870E-019
  6.293881722308523E-019
  8.697271968647221E-019
  1.228436285354215E-018
  1.703366185168701E-018
  2.408616067894993E-018
  3.335692638232270E-018
  4.698150075565387E-018
