  0.000000000000000E+000
  0.000000000000000E+000
  0.000000000000000E+000
  0.000000000000000E+000
  0.000000000000000E+000
  0.000000000000000E+000
  0.000000000000000E+000
  0.000000000000000E+000
  0.000000000000000E+000
  0.000000000000000E+000
 -3.973677394739769E-005
 -7.947038974689164E-005
 -1.192008475239864E-004
 -1.589281474041866E-004
 -2.185131764423508E-004
 -2.979488303588147E-004
 -3.972256378788576E-004
 -4.964827140341345E-004
 -5.957200607856538E-004
 -7.346192045732287E-004
 -8.933137442277517E-004
 -1.091610922122180E-003
 -1.289829229465766E-003
 -1.487968681946560E-003
 -1.686029295252605E-003
 -1.884011085071934E-003
 -2.081914067092570E-003
 -2.279738257002523E-003
 -2.477483670489793E-003
 -2.773954119245622E-003
 -3.168972479861715E-003
 -3.958064856674351E-003
 -5.139344443386101E-003
 -7.101861511990724E-003
 -1.003094350313495E-002
 -1.390904043806468E-002
 -1.966784275737270E-002
 -2.723799744183147E-002
 -3.836330670064562E-002
