  2.433272344110812E-020
  2.433272344110812E-020
  2.433272344110812E-020
  2.433272344110812E-020
  2.433272344110812E-020
  2.433272344110812E-020
  2.433272344110812E-020
  2.433272344110812E-020
  2.433272344110812E-020
  2.433272344110812E-020
  2.433272340268444E-020
  2.433272328741748E-020
  2.433272309531334E-020
  2.433272282637814E-020
  2.433272227893043E-020
  2.433272128014838E-020
  2.433271959965633E-020
  2.433271743923723E-020
  2.433271479898648E-020
  2.433271029669984E-020
  2.433270400019801E-020
  2.433269440359580E-020
  2.433268288995551E-020
  2.433266946003971E-020
  2.433265411461080E-020
  2.433263685443103E-020
  2.433261768026249E-020
  2.433259659286716E-020
  2.433257359300682E-020
  2.433253550901048E-020
  2.433247804382859E-020
  2.433234021108599E-020
  2.433207629729516E-020
  2.433148440703900E-020
  2.433024171155742E-020
  2.432792635030268E-020
  2.432305462527472E-020
  2.431397960260699E-020
  2.429493652307833E-020
