  1.224646799147353E-016
  1.224646799147353E-016
  1.224646799147353E-016
  1.224646799147353E-016
  1.224646799147353E-016
  1.224646799147353E-016
  1.224646799147353E-016
  1.224646799147353E-016
  1.224646799147353E-016
  1.224646799147353E-016
  1.224598133700497E-016
  1.224549468253794E-016
  1.224500802807399E-016
  1.224452137361465E-016
  1.224379139193764E-016
  1.224281808306543E-016
  1.224160144704144E-016
  1.224038481111347E-016
  1.223916817530551E-016
  1.223746488542168E-016
  1.223551826884162E-016
  1.223308499890546E-016
  1.223065173002481E-016
  1.222821846239135E-016
  1.222578519619666E-016
  1.222335193163226E-016
  1.222091866888957E-016
  1.221848540815998E-016
  1.221605214963476E-016
  1.221240226639835E-016
  1.220753576491574E-016
  1.219780280024742E-016
  1.218320347186821E-016
  1.215887167570237E-016
  1.212237532800868E-016
  1.207371703495035E-016
  1.200074014585526E-016
  1.190346510141455E-016
  1.175763512579404E-016
